[0.62069 0.80577 0.10635 0.34069 0.36980 0.01138 0.10520 0.56747 0.64248
 0.68973 0.42713 0.43855 0.81881 0.52859 0.44967 0.19533 0.34086 0.19950
 0.07603 0.40311 0.23343 0.67446 0.81523 0.64294 0.91772 0.13183 0.21444
 0.69392 0.60004 0.55117 0.30412 0.88878 0.45575 0.21106 0.55778 0.98436
 0.29740 0.95845 0.52386 0.58845 0.08938 0.46277 0.19107 0.09255 0.53946
 0.67479 0.61953 0.03589 0.43257 0.32966 0.60382 0.79212 0.85264 0.55991
 0.79967 0.31906 0.50324 0.14338 0.79216 0.85082 0.48276 0.15412 0.17268
 0.20151 0.39558 0.38857 0.13678 0.00599 0.55455 0.00654 0.24565 0.96020
 0.50501 0.03320 0.51554 0.46748 0.33056 0.51417 0.24954 0.69054 0.05402
 0.69233 0.50447 0.78139 0.61740 0.77763 0.53264 0.20837 0.91384 0.53323
 0.78656 0.29891 0.89936 0.48943 0.53268 0.85599 0.52196 0.34608 0.59779
 0.67019 0.32374 0.87973 0.49925 0.22857 0.40681 0.24367 0.59710 0.19752
 0.58234 0.41998 0.74132 0.01315 0.86207 0.89426 0.51618 0.97658 0.05093
 0.18536 0.72604 0.13334 0.88880 0.98622 0.02115 0.04697 0.73293 0.23597
 0.19268 0.74235 0.77024 0.39820 0.63101 0.38659 0.45995 0.32262 0.43921
 0.42952 0.26677 0.95977 0.35851 0.97354 0.23777 0.17661 0.02326 0.44063
 0.66713 0.47604 0.68741 0.47788 0.51731 0.43814 0.80243 0.30670 0.68552
 0.19101 0.43650 0.70129 0.26003 0.28737 0.93983 0.44520 0.98744 0.22263
 0.40541 0.77472 0.08362 0.03707 0.95810 0.61182 0.56682 0.64999 0.62976
 0.15408 0.54276 0.76197 0.86969 0.36002 0.61529 0.00292 0.56501 0.00227
 0.06987 0.53564 0.85416 0.94118 0.01785 0.13052 0.69690 0.33282 0.32725
 0.96240 0.01362 0.29471 0.62751 0.61399 0.82522 0.52186 0.82742 0.30036
 0.26183 0.98023 0.89046 0.62841 0.44307 0.93772 0.51531 0.04378 0.27702
 0.45097 0.92145 0.14331 0.01260 0.73253 0.65549 0.51756 0.84520 0.32479
 0.95567 0.21645 0.43771 0.39758 0.62755 0.38276 0.95370 0.51890 0.36671
 0.70576 0.42319 0.53629 0.52590 0.81386 0.64216 0.40479 0.35378 0.03420
 0.74985 0.94972 0.56153 0.14869 0.16039 0.47340 0.47890 0.45904 0.09017
 0.82149 0.41708 0.40165 0.05665 0.00509 0.83196 0.64741 0.19666 0.24696
 0.30006 0.57327 0.76274 0.84820 0.63383 0.68998 0.69153 0.39588 0.27606
 0.25093 0.31619 0.73018 0.64625 0.24591 0.81948 0.03690 0.71679 0.92724
 0.34777 0.69837 0.19024 0.36305 0.30026 0.67481 0.88367 0.80233 0.23926
 0.25438 0.82884 0.45308 0.55752 0.84955 0.91396 0.99542 0.41983 0.98949
 0.62869 0.69871 0.83456 0.79279 0.60550 0.90356 0.59892 0.70352 0.34242
 0.77675 0.09668 0.79694 0.59636 0.89499 0.35143 0.10990 0.12637 0.91709
 0.74788 0.61790 0.44166 0.86831 0.22897 0.95718 0.87195 0.92407 0.21945
 0.76505 0.28315 0.08305 0.74803 0.07777 0.40233 0.95785 0.54780 0.50384
 0.71010 0.67492 0.90032 0.86192 0.47087 0.43367 0.04828 0.26169 0.97039
 0.00332 0.01935 0.37375 0.52903 0.14432 0.85690 0.53373 0.28512 0.22241
 0.63716 0.01031 0.03913 0.18073 0.29834 0.58730 0.08255 0.37669 0.79747
 0.82636 0.10996 0.58904 0.42556 0.08195 0.18029 0.16947 0.61066 0.02485
 0.34147 0.92953 0.05744 0.28869 0.13046 0.58669 0.25644 0.77567 0.26129
 0.78014 0.22578 0.62666 0.47190 0.03595 0.70382 0.30055 0.99078 0.11928
 0.27973 0.93605 0.83724 0.96401 0.12451 0.05905 0.20942 0.76158 0.86454
 0.20498 0.41126 0.39413 0.46992 0.11889 0.20022 0.56303 0.23353 0.10109
 0.88171 0.62763 0.19798 0.26888 0.04303 0.75288 0.04261 0.79553 0.85257
 0.26151 0.98263 0.52807 0.53760 0.30612 0.23563 0.37891 0.77911 0.55061
 0.66148 0.23725 0.65525 0.43149 0.15416 0.20661 0.23010 0.42931 0.74379
 0.05257 0.54071 0.82022 0.68379 0.67584 0.96934 0.79089 0.17346 0.97080
 0.13630 0.80085 0.66067 0.62613 0.01897 0.92548 0.13276 0.28152 0.98429
 0.45629 0.96696 0.04479 0.80263 0.91598 0.95880 0.43475 0.14560 0.95323
 0.93543 0.94532 0.55588 0.25692 0.87356 0.28159 0.15489 0.85012 0.94701
 0.66365 0.18685 0.04208 0.23544 0.28472 0.10114 0.27943 0.89099 0.39580
 0.73610 0.13510 0.48751 0.56837 0.12628 0.25099 0.48831 0.26809 0.21399
 0.75904 0.92687 0.31780 0.90483 0.65500 0.78869 0.77589 0.81826 0.53282
 0.71775 0.79663 0.61623 0.05286 0.38920 0.89945 0.80282 0.96942 0.12867
 0.61598 0.65639 0.69492 0.48958 0.91522 0.32394 0.99768 0.08978 0.46650
 0.74091 0.77862 0.44658 0.19714 0.69864 0.78126 0.71300 0.61389 0.16548
 0.45777 0.43996 0.29049 0.81348 0.24827 0.46397 0.32097 0.78143 0.73235
 0.48228 0.77773 0.28587 0.87336 0.84031 0.79054 0.53167 0.05774 0.02084
 0.46351 0.51908 0.96238 0.70874 0.91219 0.72427 0.36302 0.85126 0.36042
 0.65752 0.16145 0.94075 0.94339 0.49390 0.24621 0.06733 0.68669 0.03325
 0.65048 0.13451 0.90727 0.03820 0.63578 0.06549 0.51432 0.62330 0.54903
 0.91447 0.13888 0.46796 0.41159 0.93888 0.63377 0.96431 0.79561 0.29774
 0.88926 0.76804 0.81353 0.03613 0.26835 0.85736 0.58933 0.32385 0.31211
 0.96609 0.88673 0.49680 0.94411 0.70938 0.95547 0.68918 0.68427 0.23386
 0.73682 0.31520 0.57277 0.24492 0.04195 0.29541 0.89567 0.91808 0.31978
 0.17405 0.05221 0.51269 0.78346 0.00105 0.86099 0.50467 0.81043 0.66567
 0.78824 0.68371 0.34382 0.79695 0.53952 0.08533 0.58112 0.17672 0.37217
 0.16101 0.60201 0.26331 0.88770 0.90022 0.13637 0.16059 0.35982 0.68608
 0.52696 0.00041 0.54109 0.78213 0.50004 0.34684 0.83920 0.54214 0.02077
 0.71074 0.02740 0.29328 0.89719 0.43989 0.55324 0.67033 0.73211 0.98633
 0.79607 0.61720 0.42511 0.70497 0.04881 0.51162 0.13221 0.88361 0.64708
 0.28155 0.88923 0.23505 0.31176 0.95601 0.02480 0.05610 0.73413 0.26588
 0.50281 0.15858 0.55836 0.09343 0.73786 0.53167 0.86785 0.24638 0.28599
 0.94239 0.01131 0.29265 0.56594 0.88093 0.08913 0.60091 0.60812 0.59593
 0.94785 0.79526 0.85328 0.11207 0.51457 0.17582 0.96996 0.92118 0.92844
 0.47362 0.12828 0.45868 0.59260 0.74072 0.34181 0.19122 0.41269 0.49457
 0.36211 0.73766 0.54032 0.48848 0.12721 0.19173 0.52721 0.21952 0.31794
 0.56292 0.68759 0.51466 0.77733 0.72759 0.92123 0.44485 0.14790 0.28281
 0.86899 0.50823 0.53725 0.92504 0.38539 0.23613 0.52749 0.93048 0.45644
 0.69855 0.85454 0.21669 0.07844 0.26002 0.05677 0.77316 0.01343 0.70120
 0.48389 0.19565 0.47432 0.72881 0.69438 0.25628 0.31105 0.13977 0.11954
 0.63722 0.55200 0.66686 0.56975 0.19751 0.60466 0.11026 0.47700 0.77898
 0.78955 0.45203 0.75473 0.48235 0.38706 0.86870 0.19058 0.09465 0.43613
 0.31570 0.37864 0.30246 0.75394 0.75796 0.13011 0.78349 0.59604 0.14715
 0.33524 0.10336 0.04008 0.71417 0.97548 0.50564 0.51281 0.62431 0.96708
 0.94724 0.01878 0.26805 0.18717 0.54331 0.83978 0.50743 0.88751 0.10596
 0.55325 0.04079 0.59353 0.35284 0.67415 0.13186 0.86609 0.62366 0.54312
 0.31510 0.89940 0.97430 0.76751 0.47988 0.87581 0.45583 0.63497 0.67530
 0.41105 0.83929 0.87925 0.93290 0.37211 0.47837 0.02436 0.59333 0.65270
 0.99237 0.11814 0.05802 0.52033 0.41687 0.02857 0.37659 0.98609 0.17673
 0.61102 0.90937 0.37025 0.24968 0.93680 0.40120 0.21026 0.45904 0.55046
 0.11124 0.42340 0.34853 0.26037 0.71921 0.86401 0.20211 0.02846 0.88206
 0.38346 0.71875 0.49864 0.80633 0.63377 0.07551 0.33594 0.58005 0.05053
 0.21738 0.55189 0.38955 0.76324 0.84621 0.29919 0.78897 0.28214 0.74295
 0.57945 0.96754 0.45425 0.93273 0.36181 0.62423 0.29043 0.71109 0.23260
 0.24458 0.03425 0.45302 0.91440 0.71284 0.57062 0.70463 0.66857 0.20615
 0.32581 0.50135 0.71258 0.27848 0.92201 0.70056 0.32281 0.54540 0.98364
 0.26007 0.53243 0.00228 0.89066 0.95108 0.10699 0.85538 0.97989 0.13062
 0.07459 0.46629 0.23423 0.77185 0.43047 0.37049 0.23077 0.68637 0.00682
 0.62626 0.59417 0.53036 0.28265 0.71183 0.80791 0.02907 0.43494 0.95471
 0.54265 0.83470 0.30376 0.08009 0.89268 0.57030 0.44941 0.17844 0.08287
 0.02367 0.64279 0.86651 0.27589 0.22359 0.56202 0.68757 0.46473 0.83738
 0.95977 0.17256 0.08030 0.93001 0.69361 0.61004 0.19828 0.76744 0.58511
 0.19541 0.51563 0.31500 0.34162 0.87622 0.67472 0.20462 0.02723 0.42440
 0.71964 0.69075 0.80650 0.66348 0.20411 0.60224 0.83129 0.70471 0.46782
 0.97086 0.24040 0.78065 0.43970 0.76883 0.39908 0.61242 0.62364 0.81482
 0.42610 0.49027 0.69462 0.76178 0.54624 0.47345 0.92064 0.05819 0.00792
 0.54061 0.75150 0.93820 0.48003 0.04023 0.52723 0.44073 0.55938 0.96530
 0.47459 0.89679 0.49224 0.88648 0.96316 0.17114 0.78977 0.60148 0.30602
 0.69484 0.28094 0.49628 0.90267 0.30712 0.02792 0.00200 0.73141 0.71001
 0.27093]